1.668378614316285535e+01
1.864513790680901906e+01
2.017407003157329370e+01
2.157079736638883816e+01
2.585514196026346667e+01
2.250704052061853488e+01
2.225311960287369217e+01
1.993461257293205691e+01
1.941380904036341093e+01
2.532748528177680214e+01
2.087305424392473441e+01
2.017344745088622915e+01
2.063559325449158877e+01
2.153986864699406212e+01
2.199481584237508969e+01
4.207635784701551529e+01
2.022554748947784731e+01
2.176464970253396558e+01
2.449862521094870260e+01
2.508095339898654430e+01
2.305972186856921269e+01
2.162772876653228593e+01
2.787512301951317184e+01
2.297367715529937726e+01
2.363791969337979282e+01
3.285395701417820646e+01
2.864257936483039657e+01
3.508633229490876460e+01
3.903957061868458567e+01
4.162167285839940689e+01
5.771455942063312250e+01
1.584731060050591509e+02
4.680187792215880904e+01
4.019815031824514051e+01
4.160693365101369068e+01
5.251982120348088756e+01
6.354243570537646235e+01
3.591941532800817782e+01
3.206020906230008904e+01
2.190830253400989136e+01
2.173518406373888467e+01
3.337103415184801491e+01
2.373166493718868608e+01
2.386311816247050999e+01
1.782619604298725946e+01
2.465572732136487843e+01
2.165552243400285448e+01
3.426597514097748132e+01
1.787521041132566779e+01
2.250861942233534663e+01
2.378055646061345385e+01
2.497517330624925336e+01
2.353035665681824895e+01
2.029117331082599662e+01
2.782108551878453184e+01
2.307347951431908228e+01
2.533672342696838697e+01
2.595819231039176600e+01
2.256900995557179002e+01
1.887420424604351510e+01
1.935468527652568582e+01
2.005617035221054323e+01
2.010341001465766908e+01
4.024785901204887750e+01
1.557858520148542070e+01
1.881422487266675603e+01
1.925650309953344674e+01
2.251555522408156662e+01
2.563201744778075053e+01
2.171487206742337150e+01
2.323106166647399462e+01
2.032824840391959853e+01
1.945523853937225311e+01
2.558161491945365285e+01
2.112900562768533774e+01
2.021147581565442408e+01
1.851237031763811203e+01
2.368730116078728543e+01
2.138349590246313880e+01
4.348000170480402460e+01
1.869330124526638315e+01
2.222686176592646490e+01
2.429223365573362869e+01
2.544311430537110752e+01
2.267027297129225616e+01
2.125475077711312721e+01
2.799852614562992770e+01
2.304495547167975289e+01
2.369614535156664559e+01
3.110563435932537502e+01
3.011009292393632109e+01
3.402377837481782308e+01
3.669381567732480676e+01
4.231793626853745849e+01
5.632070163682278974e+01
1.628356880183632995e+02
4.341292265685626717e+01
4.066171932609136519e+01
3.983433483504742867e+01
5.349619992497471799e+01
6.352539964313459819e+01
3.605901029712938310e+01
3.225239211496708691e+01
2.223153361880881818e+01
2.177921970309957445e+01
3.340870133928592622e+01
2.422885085256230298e+01
2.345474466853418249e+01
1.813137337791929937e+01
2.389811109608839956e+01
2.103293975117890824e+01
8.859746742405918951e+01
1.586896486718381993e+01
2.272611709441612504e+01
2.394690700516942528e+01
2.056289634934340427e+01
2.802131596377828870e+01
1.929415604382131377e+01
2.800105811792311172e+01
2.313866601372755483e+01
2.391172938766096934e+01
2.745307721272935453e+01
1.899073242424501728e+01
2.276558396989300803e+01
1.920282192555041334e+01
1.982651928062356816e+01
1.971689493854454867e+01
4.154020804755241159e+01
