4.246086556268981127e+01
2.087158395711404779e+01
1.401060167426302705e+01
1.407845592209158880e+01
6.224127445406828052e+00
6.803140397290055930e+00
1.100181307325257052e+01
5.437336605636151177e+00
4.377671107252140814e+00
1.358436299742367481e+01
4.577612703315667275e+00
6.246110579841531951e+00
3.307446757553503591e+00
3.074561687740687610e+00
3.933523517866897912e+00
2.583585833941853238e+01
2.767612938250862964e+00
3.772666232627194915e+00
2.903174839978865940e+00
6.744561363610500848e+00
4.211759791717696544e+00
3.438313927023910921e+00
1.359305301824888801e+01
4.296660481545643506e+00
5.756209704932190085e+00
1.145024507756555465e+01
6.003762223539373721e+00
1.093325410987393553e+01
1.394845269817387035e+01
1.355559689859976125e+01
2.457176668761991323e+01
1.082138254829101527e+02
4.091064118396644034e+01
2.170238842382652322e+01
1.454911462055125604e+01
1.408800054457263329e+01
6.260214647826666479e+00
6.718427198259087518e+00
1.111471759705332651e+01
5.479938366628378077e+00
4.340550131750946505e+00
1.360383085278248494e+01
4.536734288501259371e+00
6.282611448244628249e+00
3.377997075697336093e+00
3.024142817302611252e+00
3.938757132806312455e+00
2.584206874307942670e+01
2.677855205670016225e+00
3.787415330027770199e+00
2.845911223262538314e+00
6.868135280431937773e+00
4.150105928742608974e+00
3.401369088333582535e+00
1.349624525819931087e+01
4.442016561272304820e+00
5.776412474112669670e+00
1.141197443073978057e+01
5.898132348294068628e+00
1.097449039649367464e+01
1.075108434915013156e+01
1.667032807548025630e+01
2.348619586680451476e+01
1.095781809145105115e+02
4.032068958494374300e+01
2.193731521207963198e+01
1.391084658161661380e+01
1.494725219369889935e+01
6.176885213443176426e+00
6.875130266137254864e+00
1.112253901415908608e+01
5.390299121977800034e+00
4.352306578210031418e+00
1.366800783314605816e+01
4.533549435562023611e+00
6.269017187018127935e+00
3.431108482230960099e+00
2.950179843503826227e+00
3.942203558727126911e+00
2.590576503927425023e+01
2.434671355540114490e+00
3.968703685360904565e+00
2.803979961774414775e+00
6.950158275148028864e+00
4.122483510242397564e+00
3.292796021385676841e+00
1.359753497870159222e+01
4.375473109088229506e+00
5.620780805798403890e+00
1.095542332147886455e+01
6.555401118785367132e+00
1.093637585183556382e+01
1.076705363331507925e+01
1.615996963342498915e+01
2.278216958903515632e+01
1.109299178077316412e+02
3.864394883507319634e+01
2.337845477698946439e+01
1.391204510044727272e+01
1.511478712032597649e+01
6.118799820421122249e+00
6.899571425623443943e+00
1.104744795075649577e+01
5.522496111134598706e+00
4.245626809269895219e+00
1.350507837487729645e+01
4.794931343240782518e+00
6.249647949101119870e+00
3.396798030343414876e+00
2.919391399629219119e+00
3.819279052342244185e+00
4.210229104615308415e+01
2.372367081746585171e+00
3.760017325152950729e+00
2.954749873274934213e+00
3.326266312304754003e+00
7.810372147264222242e+00
3.289872911142421419e+00
1.360558127638847381e+01
4.175586397481656498e+00
5.503482510039289011e+00
1.122171748124296897e+01
6.657392827265747215e+00
1.082488764715508367e+01
1.057291668301663279e+01
1.602550743477536699e+01
2.153661996698106407e+01
1.124394553621210946e+02
