5.246957397460937500e+01
6.983402710872118746e+01
8.382085218917104896e+01
7.002574437258543583e+01
3.474223418871082458e+01
7.739280375197486705e+01
5.683542764773883249e+01
5.281267427078525856e+01
6.283395257975086423e+01
5.320970658787429386e+01
5.163153327731127007e+01
4.712495768544478381e+01
5.702205732789098391e+01
5.252496164753787156e+01
4.483217728984978123e+01
4.373428394983885426e+01
3.971426022872123696e+01
4.915155128708290988e+01
4.795367592023874437e+01
4.131518156105698125e+01
3.557394062129806400e+01
4.061741548121914036e+01
3.846927784794253569e+01
3.760620020049149304e+01
4.008032949977211956e+01
4.145590924163950319e+01
4.087903619031844471e+01
3.570352525606985239e+01
3.445027416489415373e+01
3.776331634885104904e+01
3.209275481851315703e+01
2.934343694034998862e+01
3.284299205798570398e+01
3.096512581532213559e+01
3.324465558584552127e+01
2.978462410652609904e+01
3.552724542983474265e+01
3.374314771295661330e+01
3.334264150584383657e+01
3.530765736899596163e+01
3.341659110983873404e+01
3.464032237638109279e+01
3.185922404211170544e+01
3.593843386731317224e+01
3.277708564012688441e+01
3.077785589060242799e+01
2.899795106888778662e+01
3.063554734180788230e+01
3.090827942225073954e+01
3.127090115260515546e+01
3.178059455139072753e+01
3.216558956516807655e+01
2.779037188589549245e+01
2.825340763828510404e+01
2.817073570265599614e+01
2.955516818497089560e+01
2.353136507912190467e+01
2.786538799552921475e+01
2.434500101094279145e+01
2.534339073332016667e+01
2.421474668643362449e+01
2.496640311991779981e+01
2.446530777508413124e+01
2.454294474832139272e+01
2.372858188542991797e+01
2.610469659695025868e+01
2.377320413698196688e+01
2.553671416121445148e+01
2.577781382146767442e+01
2.277086984509243095e+01
2.259573661601610794e+01
2.156672527141194706e+01
2.394418253596482771e+01
2.241197060679783348e+01
2.257234040016276211e+01
2.308103296053228703e+01
2.191573150129894998e+01
2.194856021787301259e+01
2.049861329092741968e+01
1.867354061056194325e+01
2.020978450917526459e+01
1.824284331281511129e+01
1.908540017320110493e+01
1.731975893954026802e+01
1.912424458279004114e+01
2.026927367578914030e+01
1.824888931413578419e+01
1.966169804093073736e+01
1.744659802238045998e+01
2.017259686440577937e+01
1.783081925711261917e+01
1.938110377398007600e+01
1.781463166035072021e+01
1.745974149265607167e+01
1.795102542274150892e+01
1.796960940636299142e+01
1.789564143190060364e+01
1.848989572870817355e+01
1.800112612108275556e+01
1.846438730574436349e+01
1.632211829908466072e+01
1.803037253038782595e+01
1.681603684878830762e+01
1.511056825074781784e+01
1.611004552734692297e+01
1.533001508991427464e+01
1.655255738655388953e+01
1.586453891209846212e+01
1.528397838791702057e+01
1.487735047790783582e+01
1.445045651873496695e+01
1.618553564562060743e+01
1.458280333726987976e+01
1.575293201667734344e+01
1.443558677515319744e+01
1.402246929769456152e+01
1.444882404177683455e+01
1.498731174859407744e+01
1.473885237584027763e+01
1.522008519425592432e+01
1.420583793982961396e+01
1.458357618372250286e+01
1.515836864695666364e+01
1.548575782890253016e+01
1.386598281917401287e+01
1.449889481172199091e+01
1.323091235375209429e+01
1.560125643091416237e+02
