1.593750000000000000e+01
1.090730035117305476e+02
1.395176416917312849e+02
7.796110931232095709e+01
5.744128437195991310e+00
5.369118118496899683e+01
6.329314181180685495e+01
4.532282865406742900e+01
5.834239938438452455e+00
3.441490619638578607e+01
4.305426128868283087e+01
3.249880975067800648e+01
6.845488305974484433e+00
2.530229826875582333e+01
3.578384819830829855e+01
2.466806054009733273e+01
4.925657482469913084e+00
2.106566848269005732e+01
2.906362910036211744e+01
2.124163470552520039e+01
4.118900828240280809e+00
1.842957296632889452e+01
2.415116072942772618e+01
1.820649607665534830e+01
4.143822632039575460e+00
1.640206403434912374e+01
2.174561303912512145e+01
1.560133147617611371e+01
3.325686265172364653e+00
1.459725281904787586e+01
1.869051382631646163e+01
1.515374922681237280e+01
3.089561311768084018e+00
1.248076900784558774e+01
1.797390665940112342e+01
1.293913604101139292e+01
3.262789008624378262e+00
1.155200619388340755e+01
1.586061482903626896e+01
1.256283955644705586e+01
3.053527789017428162e+00
1.096659921020765616e+01
1.458463022778625806e+01
1.176003404339214775e+01
2.789959919181139281e+00
9.992951140794305687e+00
1.386211679021439913e+01
1.048226262155887412e+01
3.129850770464400078e+00
9.686713190417798103e+00
1.351061688308027975e+01
9.989645101398602733e+00
2.235134233753752753e+00
9.207032224892842009e+00
1.241720523898805340e+01
9.847555576004701550e+00
2.280899043020471861e+00
8.901875561128102632e+00
1.150452307623572956e+01
9.377547512952766340e+00
2.331336650086540452e+00
8.350467358562545073e+00
1.141005101664124766e+01
8.778238977674027055e+00
2.257440238462199211e+00
8.146027391354621727e+00
1.066704846498548953e+01
8.457434882923196895e+00
2.313871980685852314e+00
7.725874682643365077e+00
1.041830028041360379e+01
7.989845005942310507e+00
2.291963148075653489e+00
7.608985782897670802e+00
1.011503779169390072e+01
7.961260081586816639e+00
2.118642292393442261e+00
7.401555425340789363e+00
9.615985860432600063e+00
7.808999425380229731e+00
2.115934501348338603e+00
7.115991011570114821e+00
9.705240530513567165e+00
7.520935527359077000e+00
2.229375918173114091e+00
6.888907426672713719e+00
9.423028701426787279e+00
7.438085002297532000e+00
1.933207562299616544e+00
6.996137504724507572e+00
8.994811436849296626e+00
7.407549215414104715e+00
2.022404077143277856e+00
6.656002685443184852e+00
9.145326893457118800e+00
6.964432096927201776e+00
2.180323598920300032e+00
6.517247730578223930e+00
9.046836965519791107e+00
7.097793628323776360e+00
1.763026305108955638e+00
6.679523954700675503e+00
8.924112938460639910e+00
6.725599596633165866e+00
1.941958449375386753e+00
6.570707641304554869e+00
8.675393900227007293e+00
7.057712628260174093e+00
1.860733697759731520e+00
6.481643856797005832e+00
8.582011838377386681e+00
6.944358232598449199e+00
1.893276866328124752e+00
6.487615587236561510e+00
8.731487089148883385e+00
6.804729457374802060e+00
2.023329872591850265e+00
6.358508760967305662e+00
8.623340027981047484e+00
6.775226716196541155e+00
1.879612490066155495e+00
6.458125937171365294e+00
8.701644696473133322e+00
6.864591486040343860e+00
1.970472986901306012e+00
6.411100507193081555e+00
8.453372946135592869e+00
3.296279045256428475e+01
